4294967279,89
4294967279,87
2,5
3,4
3,5
0,7
4294967278,216
4294967294,93
4294967294,95
4294967278,85
4294967278,84
4294967278,83
4294967278,82
4294967278,81
4294967278,80
4294967278,79
4294967278,78
4294967279,85
4294967279,84
4294967279,83
4294967279,82
4294967294,50
4294967294,214
4294967294,479
4294967294,487
4294967294,486
4294967294,488
4294967294,218
2,4
4294967294,474
4294967294,213
4294967294,81
4294967294,68
4294967294,116
4294967294,216
4294967294,215
4294967294,14
4294967294,20
4294967294,11
4294967294,475
4294967294,1428
4294967294,211
4294967294,12
4294967294,13
4294967294,1423
4294967294,199
4294967294,416
4294967294,505
4294967293,131
4294967293,130
4294967293,129
4294967293,128
4294967293,127
4294967293,126
4294967293,125
4294967293,124
4294967293,123
4294967293,122
4294967293,121
4294967293,120
4294967293,119
4294967293,118
4294967293,117
4294967293,116
4294967293,115
4294967293,114
4294967293,113
4294967293,112
4294967293,111
4294967293,110
4294967293,109
4294967293,108
4294967293,107
4294967293,106
4294967293,105
4294967293,104
4294967293,103
4294967293,102
4294967293,101
4294967293,100
4294967293,99
4294967293,98
4294967293,97
4294967293,96
4294967293,95
4294967293,94
4294967293,93
4294967293,92
4294967293,91
4294967293,90
4294967293,89
4294967293,87
4294967293,86
4294967293,85
4294967293,84
4294967293,83
4294967293,82
4294967293,81
4294967293,80
4294967293,79
4294967293,78
4294967293,77
4294967293,76
4294967293,75
4294967293,74
4294967293,73
4294967293,72
4294967293,71
4294967293,70
4294967293,69
4294967293,68
4294967293,67
4294967293,66
4294967293,65
4294967293,64
4294967293,63
4294967293,62
4294967293,61
4294967293,60
4294967293,59
4294967293,58
4294967293,57
4294967293,56
4294967293,55
4294967293,54
4294967293,53
4294967293,52
4294967293,51
4294967293,50
4294967293,49
4294967293,48
4294967293,47
4294967293,46
4294967293,45
4294967293,44
4294967293,43
4294967293,42
4294967293,41
4294967293,40
4294967293,39
4294967293,38
4294967293,37
4294967293,36
4294967293,35
4294967293,34
4294967293,33
4294967293,32
4294967293,31
4294967293,30
4294967293,29
4294967293,28
4294967293,27
4294967293,26
4294967293,25
4294967293,24
4294967293,23
4294967293,22
4294967293,21
4294967293,20
4294967293,19
4294967293,18
4294967293,17
4294967293,16
4294967293,15
4294967293,14
4294967293,13
4294967293,12
4294967293,11
4294967293,10
4294967293,9
4294967293,8
4294967293,7
4294967293,6
4294967293,5
4294967293,4
4294967293,3
4294967278,346
4294967278,345
4294967278,350
4294967278,77
4294967278,72
4294967278,561
4294967278,71
4294967278,69
4294967278,68
4294967278,518
4294967278,66
4294967278,65
4294967278,64
4294967278,62
4294967278,513
4294967278,61
4294967278,54
4294967278,53
4294967278,52
4294967278,559
4294967278,46
4294967278,45
4294967278,44
4294967278,39
4294967278,34
4294967278,23
4294967278,18
4294967278,14
4294967278,13
4294967278,289
4294967278,9
4294967278,174
4294967278,260
4294967278,0
4294967278,347
4294967278,538
4294967278,546
4294967278,4
4294967279,124
4294967279,113
4294967279,112
4294967279,111
4294967279,110
4294967279,108
4294967279,107
4294967279,105
4294967279,104
4294967279,103
4294967279,102
4294967279,101
4294967279,100
4294967279,98
4294967279,97
4294967279,91
4294967279,81
4294967279,80
4294967279,77
4294967279,73
4294967279,333
4294967279,72
4294967279,70
4294967279,69
4294967279,68
4294967279,67
4294967279,66
4294967279,65
4294967279,63
4294967279,62
4294967279,323
4294967279,61
4294967279,60
4294967279,59
4294967279,58
4294967279,57
4294967279,318
4294967279,56
4294967279,317
4294967279,55
4294967279,360
4294967279,54
4294967279,407
4294967279,316
4294967279,53
4294967279,406
4294967279,359
4294967279,52
4294967279,346
4294967279,51
4294967279,50
4294967279,49
4294967279,48
4294967279,47
4294967279,313
4294967279,46
4294967279,45
4294967279,44
4294967279,43
4294967279,42
4294967279,41
4294967279,40
4294967279,39
4294967279,38
4294967279,37
4294967279,36
4294967279,304
4294967279,35
4294967279,34
4294967279,30
4294967279,29
4294967279,25
4294967279,0
4294967279,260
2,1
4294967294,113
4294967294,115
2,6
0,5
4294967294,36
4294967294,424
4294967294,22
4294967294,17
4294967294,39
4294967294,42
4294967294,67
4294967294,76
4294967294,41
4294967294,1416
4294967294,470
4294967294,83
4294967294,5
4294967294,1426
4294967294,1078
4294967294,2054
4294967294,219
4294967294,99
4294967294,104
4294967294,106
4294967279,338
4294967279,336
4294967279,329
4294967278,313
4294967278,312
4294967278,307
4294967278,306
4294967278,558
4294967278,556
4294967278,292
4294967278,272
4294967294,46
4294967294,2057
4294967294,1645
4294967294,1051
4294967294,178
4294967294,481
4294967294,478
4294967294,501
4294967294,1050
4294967294,2055
4294967294,1573
4294967294,1430
4294967294,1572
4294967294,2052
4294967294,1570
4294967294,1571
4294967294,1620
4294967294,1569
4294967294,1619
4294967294,161
4294967294,92
4294967294,91
4294967294,90
4294967294,88
4294967294,87
4294967294,86
4294967294,1027
4294967294,82
4294967294,1414
4294967294,935
4294967294,934
4294967294,933
4294967294,932
4294967294,931
4294967294,930
4294967294,1568
4294967294,70
4294967294,666
4294967294,1662
4294967294,51
4294967294,926
4294967294,924
4294967294,923
4294967294,922
4294967294,921
4294967294,920
4294967294,919
4294967294,918
4294967294,917
4294967294,916
4294967294,915
4294967294,910
4294967294,1130
4294967294,908
4294967294,906
4294967294,904
4294967294,901
4294967294,899
4294967294,898
4294967294,897
4294967294,896
4294967294,895
4294967294,893
4294967294,892
4294967294,890
4294967294,889
4294967294,886
4294967294,877
4294967294,874
4294967294,871
4294967294,870
4294967294,2050
4294967294,868
4294967294,867
4294967294,866
4294967294,862
4294967294,860
4294967294,858
4294967294,857
4294967294,851
4294967294,659
4294967294,848
4294967294,846
4294967294,1537
4294967294,845
4294967294,843
4294967294,842
4294967294,841
4294967294,840
4294967294,839
4294967294,838
4294967294,835
4294967294,834
4294967294,832
4294967294,831
4294967294,828
4294967294,822
4294967294,821
4294967294,820
4294967294,819
4294967294,818
4294967294,816
4294967294,813
4294967294,812
4294967294,810
4294967294,1567
4294967294,1429
4294967294,807
4294967294,805
4294967294,804
4294967294,803
4294967294,802
4294967294,800
4294967294,799
4294967294,797
4294967294,795
4294967294,793
4294967294,27
4294967294,789
4294967294,788
4294967294,787
4294967294,1652
4294967294,786
4294967294,785
4294967294,784
4294967294,664
4294967294,783
4294967294,782
4294967294,775
4294967294,773
4294967294,771
4294967294,770
4294967294,768
4294967294,766
4294967294,765
4294967294,764
4294967294,1437
4294967294,762
4294967294,761
4294967294,759
4294967294,758
4294967294,757
4294967294,755
4294967294,754
4294967294,753
4294967294,751
4294967294,749
4294967294,748
4294967294,747
4294967294,746
4294967294,744
4294967294,742
4294967294,741
4294967294,740
4294967294,739
4294967294,737
4294967294,736
4294967294,735
4294967294,734
4294967294,733
4294967294,727
4294967294,726
4294967294,725
4294967294,724
4294967294,723
4294967294,722
4294967294,721
4294967294,720
4294967294,719
4294967294,718
4294967294,1564
4294967294,715
4294967294,714
4294967294,642
4294967294,1321
4294967294,645
4294967294,1566
4294967294,704
4294967294,639
4294967294,637
4294967294,636
4294967294,1565
4294967294,633
4294967294,632
4294967294,631
4294967294,630
4294967294,629
4294967294,1422
4294967294,24
4294967294,628
4294967294,627
4294967294,1643
4294967294,624
4294967294,621
4294967294,620
4294967294,618
4294967294,612
4294967294,26
4294967294,609
4294967294,607
4294967294,606
4294967294,605
4294967294,604
4294967294,603
4294967294,600
4294967294,598
4294967294,1
4294967294,1079
4294967294,597
4294967294,596
4294967294,594
4294967294,592
4294967294,589
4294967294,587
4294967294,586
4294967294,585
4294967294,584
4294967294,1563
4294967294,582
4294967294,579
4294967294,578
4294967294,576
4294967294,1286
4294967294,567
4294967294,566
4294967294,564
4294967294,563
4294967294,562
4294967294,107
4294967294,559
1,0
4294967294,572
4294967294,45
4294967294,28
4294967294,665
4294967294,29
4294967294,1127
4294967294,1562
4294967294,25
4294967294,553
4294967294,53
4294967294,52
4294967294,552
4294967294,524
4294967294,551
4294967294,561
4294967294,550
4294967294,1322
4294967294,44
4294967294,43
4294967294,548
4294967294,547
4294967294,575
4294967294,546
4294967294,1143
4294967294,570
4294967294,545
4294967294,544
4294967294,543
4294967294,650
4294967294,542
4294967294,641
4294967294,541
4294967294,663
4294967294,540
4294967294,539
4294967294,538
4294967294,661
4294967294,537
4294967294,657
4294967294,648
4294967294,640
4294967294,660
4294967294,536
4294967294,649
4294967294,814
4294967294,573
4294967294,811
4294967294,646
4294967294,1129
4294967294,1088
4294967294,1561
4294967294,125
4294967294,443
4294967294,1128
4294967294,1417
4294967294,2051
4294967294,222
4294967294,523
4294967294,1438
4294967294,521
4294967294,1124
4294967294,1089
4294967279,399
4294967279,344
4294967279,309
4294967279,401
4294967279,301
4294967278,290
4294967279,400
4294967279,225
4294967279,405
4294967278,344
4294967279,404
4294967279,403
4294967278,343
4294967278,342
4294967278,341
4294967279,402
4294967278,315
4294967294,1631
4294967294,167
4294967294,1560
4294967294,2049
4294967294,1559
4294967294,1608
4294967294,1558
4294967294,1557
4294967294,1135
4294967294,512
4294967294,1090
4294967294,2048
4294967294,693
4294967294,1098
4294967294,1125
4294967294,1663
4294967294,1335
4294967294,1126
4294967294,1624
4294967294,1415
4294967294,1611
4294967294,1606
4294967294,1549
4294967294,672
4294967294,1547
4294967294,1618
4294967294,221
4294967294,1546
4294967294,1455
4294967294,1614
4294967294,1612
4294967294,1545
4294967294,520
4294967294,1544
4294967294,1469
4294967294,126
4294967294,1540
